aware	multicore_plat2.xml	Generators/disk_heavy1.csv


2	    0	    0	   85	PM0	2	204800	1024
2	   10	   10	  115	PM1	1	51200	512
2	   22	   22	   72	PM4	1	512000	1024
2	   22	   22	   92	PM5	2	51200	1024
1	   22	   22	   72	PM0	1	51200	1024
2	   22	   22	  102	PM6	2	204800	1024
0	   22	   22	   77	PM1	1	51200	512
1	   32	   32	   47	PM4	2	51200	1024
2	   40	   40	  170	PM7	2	51200	512
0	   46	   46	   91	PM5	1	51200	512
2	   46	   46	  136	PM8	2	512000	2048
1	   48	   48	   63	PM4	1	51200	512
2	   50	   50	  100	PM9	1	204800	512
2	   55	   55	  170	PM6	1	1024000	2048
2	   63	   63	  128	PM4	1	51200	1024
2	   66	   66	  121	PM7	1	1024000	1024
1	   74	   74	  169	PM0	1	204800	512
1	   74	   74	  154	PM4	1	51200	1024
1	   86	   86	  136	PM1	1	204800	512
2	   86	   86	  146	PM0	1	51200	512
0	   88	   88	  168	PM0	2	204800	1024
1	   92	   92	  192	PM5	1	51200	512
0	   92	   92	  117	PM5	1	204800	2048
0	   92	   92	  162	PM5	1	51200	512
2	   92	   92	  142	PM8	1	204800	2048
0	  107	  107	  212	PM1	1	51200	512
2	  109	  109	  164	PM9	1	512000	512
1	  111	  111	  186	PM4	1	51200	512
0	  117	  117	  197	PM1	1	51200	512
1	  117	  117	  177	PM5	1	204800	1024
2	  117	  117	  137	PM6	1	1024000	512
2	  126	  126	  211	PM7	2	512000	2048
0	  129	  129	  214	PM4	1	204800	1024
0	  141	  141	  166	PM1	1	51200	512
2	  144	  144	  194	PM8	2	51200	1024
0	  149	  149	  219	PM0	1	51200	2048
2	  149	  149	  249	PM6	1	204800	2048
2	  149	  149	  169	PM8	2	512000	1024
2	  154	  154	  264	PM4	1	1024000	2048
2	  154	  154	  284	PM9	1	51200	512
2	  154	  154	  274	PM2	2	2048	512
2	  154	  154	  344	PM3	2	51200	512
0	  154	  154	  194	PM5	1	2048	1024
0	  154	  154	  249	PM0	2	51200	512
2	  156	  156	  291	PM1	2	204800	1024
1	  156	  156	  246	PM1	1	51200	1024
2	  160	  160	  200	PM4	1	204800	512
1	  163	  163	  243	PM0	1	204800	512
1	  163	  163	  228	PM5	1	2048	512
2	  163	  163	  218	PM5	1	1024000	512
1	  171	  171	  266	PM0	1	51200	512
0	  173	  173	  248	PM0	1	51200	512
1	  173	  173	  278	PM6	1	51200	512
2	  176	  176	  416	PM7	1	512000	2048
2	  181	  181	  326	PM8	1	204800	512
2	  181	  181	  261	PM9	1	51200	2048
2	  190	  190	  320	PM6	1	51200	1024
0	  196	  196	  256	PM5	1	51200	1024
2	  202	  202	  222	PM8	1	51200	1024
2	  208	  208	  348	PM4	2	512000	512
2	  208	  208	  423	PM1	1	51200	2048
2	  210	  210	  380	PM5	1	512000	512
2	  213	  213	  308	PM7	1	204800	1024
2	  219	  219	  384	PM4	4	51200	512
0	  228	  228	  353	PM5	1	204800	2048
2	  234	  234	  384	PM8	1	512000	1024
0	  234	  234	  309	PM0	1	2048	1024
2	  235	  235	  430	PM5	1	51200	512
2	  235	  235	  310	PM7	1	51200	1024
2	  235	  235	  500	PM8	1	512000	2048
2	  241	  241	  336	PM9	1	512000	512
0	  241	  241	  356	PM1	1	2048	1024
0	  241	  241	  291	PM0	2	51200	1024
0	  253	  253	  268	PM0	2	51200	2048
2	  253	  253	  398	PM6	1	1024000	512
2	  254	  254	  469	PM0	1	51200	1024
2	  254	  254	  364	PM1	1	204800	512
0	  256	  256	  371	PM5	2	51200	512
1	  256	  256	  366	PM4	1	204800	1024
1	  262	  262	  282	PM5	1	51200	1024
2	  268	  268	  378	PM0	2	1024000	512
1	  272	  272	  402	PM0	1	204800	1024
1	  272	  272	  352	PM4	2	51200	1024
2	  272	  272	  482	PM9	1	512000	2048
2	  280	  280	  390	PM2	1	51200	2048
2	  290	  290	  490	PM6	1	512000	512
0	  290	  290	  330	PM4	2	51200	512
2	  291	  291	  391	PM9	2	51200	512
2	  293	  293	  378	PM1	2	1024000	512
1	  297	  297	  357	PM5	1	2048	512
2	  297	  297	  527	PM2	4	51200	2048
2	  299	  299	  329	PM3	1	51200	512
2	  301	  301	  391	PM0	1	51200	512
0	  307	  307	  387	PM4	1	204800	512
0	  311	  311	  461	PM7	2	51200	1024
0	  311	  311	  326	PM0	1	51200	2048
2	  311	  311	  451	PM7	1	512000	512
0	  314	  314	  414	PM1	4	51200	1024
0	  320	  320	  375	PM5	1	51200	512
2	  320	  320	  375	PM6	1	51200	2048
2	  323	  323	  418	PM7	1	1024000	1024
0	  324	  324	  404	PM0	1	51200	512
2	  336	  336	  526	PM8	1	512000	1024
0	  336	  336	  426	PM4	1	2048	512
2	  336	  336	  461	PM9	1	204800	1024
1	  336	  336	  411	PM1	1	51200	512
1	  346	  346	  466	PM3	2	51200	512
2	  350	  350	  450	PM3	1	1024000	2048
2	  359	  359	  454	PM4	1	51200	1024
0	  363	  363	  403	PM5	2	2048	512
0	  372	  372	  422	PM1	1	204800	512
2	  372	  372	  462	PM4	4	512000	512
2	  378	  378	  503	PM6	4	512000	1024
2	  381	  381	  506	PM5	1	204800	1024
1	  383	  383	  458	PM5	2	51200	512
0	  383	  383	  468	PM1	1	204800	1024
2	  383	  383	  468	PM0	1	204800	512
1	  385	  385	  540	PM4	1	51200	512
1	  387	  387	  457	PM8	1	2048	512
2	  387	  387	  502	PM8	1	512000	512
1	  388	  388	  443	PM4	1	51200	1024
2	  390	  390	  535	PM2	1	204800	512
2	  398	  398	  538	PM6	1	512000	1024
0	  401	  401	  476	PM0	1	204800	512
1	  405	  405	  540	PM0	2	51200	1024
1	  417	  417	  557	PM1	1	51200	1024
0	  432	  432	  502	PM1	1	51200	1024
2	  437	  437	  507	PM5	4	1024000	1024
0	  437	  437	  477	PM1	1	51200	1024
1	  443	  443	  508	PM1	1	204800	512
0	  443	  443	  528	PM4	2	2048	1024
0	  446	  446	  471	PM5	1	204800	512
0	  446	  446	  506	PM1	1	2048	512
2	  451	  451	  566	PM7	1	51200	1024
0	  460	  460	  520	PM4	1	204800	512
0	  460	  460	  510	PM5	1	2048	512
1	  466	  466	  576	PM4	1	2048	512
2	  466	  466	  541	PM7	1	2048	2048
2	  466	  466	  486	PM9	1	51200	1024
1	  472	  472	  572	PM0	1	204800	1024
2	  472	  472	  572	PM3	1	204800	2048
2	  487	  487	  542	PM9	1	2048	512
1	  493	  493	  583	PM0	2	51200	512
2	  494	  494	  624	PM9	4	512000	1024
0	  500	  500	  515	PM0	1	204800	512
2	  515	  515	  580	PM5	1	512000	512
2	  519	  519	  559	PM1	1	512000	512
2	  519	  519	  624	PM5	1	51200	1024
0	  521	  521	  611	PM0	2	2048	512
1	  531	  531	  641	PM8	4	51200	512
0	  531	  531	  556	PM4	1	51200	2048
2	  531	  531	  641	PM8	1	1024000	1024
0	  534	  534	  639	PM1	1	204800	1024
0	  534	  534	  614	PM4	1	204800	512
2	  540	  540	  570	PM6	2	204800	1024
1	  540	  540	  620	PM5	2	51200	1024
0	  545	  545	  610	PM0	1	51200	2048
1	  551	  551	  611	PM4	1	2048	512
1	  551	  551	  656	PM6	1	51200	512
2	  551	  551	  606	PM7	1	51200	2048

