normal	multicore_plat.xml	Generators/disk_heavy1.csv

2	    0	    0	   80	PM0	2	204800	1024
2	   10	   10	  120	PM1	1	51200	512
2	   22	   22	   67	PM2	1	512000	1024
2	   22	   22	   82	PM3	2	51200	1024
1	   22	   22	   62	PM4	1	51200	1024
2	   22	   22	   72	PM5	2	204800	1024
0	   22	   22	   72	PM6	1	51200	512
1	   32	   32	   42	PM7	2	51200	1024
2	   40	   40	  120	PM8	2	51200	512
0	   46	   46	   86	PM7	1	51200	512
2	   46	   46	  106	PM9	2	512000	2048
1	   48	   48	   63	PM0	1	51200	512
2	   50	   50	  110	PM1	1	204800	512
2	   55	   55	  140	PM2	1	1024000	2048
2	   63	   63	  118	PM4	1	51200	1024
2	   66	   66	  106	PM0	1	1024000	1024
1	   74	   74	  154	PM5	1	204800	512
1	   74	   74	  139	PM6	1	51200	1024
1	   86	   86	  131	PM3	1	204800	512
2	   86	   86	  131	PM7	1	51200	512
0	   88	   88	  163	PM0	2	204800	1024
1	   92	   92	  182	PM2	1	51200	512
0	   92	   92	  117	PM3	1	204800	2048
0	   92	   92	  157	PM4	1	51200	512
2	   92	   92	  132	PM5	1	204800	2048
0	  107	  107	  202	PM9	1	51200	512
2	  109	  109	  159	PM0	1	512000	512
1	  111	  111	  171	PM1	1	51200	512
0	  117	  117	  192	PM3	1	51200	512
1	  117	  117	  162	PM6	1	204800	1024
2	  117	  117	  132	PM7	1	1024000	512
2	  126	  126	  191	PM8	2	512000	2048
0	  129	  129	  209	PM1	1	204800	1024
0	  141	  141	  166	PM7	1	51200	512
2	  144	  144	  189	PM2	2	51200	1024
0	  149	  149	  214	PM3	1	51200	2048
2	  149	  149	  224	PM4	1	204800	2048
2	  149	  149	  164	PM5	2	512000	1024
2	  154	  154	  249	PM5	1	1024000	2048
2	  154	  154	  249	PM6	1	51200	512
2	  154	  154	  224	PM7	2	2048	512
2	  154	  154	  269	PM8	2	51200	512
0	  154	  154	  189	PM9	1	2048	1024
0	  154	  154	  249	PM0	2	51200	512
2	  156	  156	  266	PM1	2	204800	1024
1	  156	  156	  236	PM2	1	51200	1024
2	  160	  160	  195	PM4	1	204800	512
1	  163	  163	  233	PM0	1	204800	512
1	  163	  163	  213	PM6	1	2048	512
2	  163	  163	  208	PM0	1	1024000	512
1	  171	  171	  256	PM5	1	51200	512
0	  173	  173	  238	PM7	1	51200	512
1	  173	  173	  258	PM1	1	51200	512
2	  176	  176	  361	PM3	1	512000	2048
2	  181	  181	  281	PM4	1	204800	512
2	  181	  181	  251	PM5	1	51200	2048
2	  190	  190	  275	PM2	1	51200	1024
0	  196	  196	  251	PM8	1	51200	1024
2	  202	  202	  217	PM9	1	51200	1024
2	  208	  208	  278	PM9	2	512000	512
2	  208	  208	  408	PM0	1	51200	2048
2	  210	  210	  345	PM1	1	512000	512
2	  213	  213	  268	PM6	1	204800	1024
2	  219	  219	  369	PM3	4	51200	512
0	  228	  228	  338	PM4	1	204800	2048
2	  234	  234	  324	PM7	1	512000	1024
0	  234	  234	  299	PM9	1	2048	1024
2	  235	  235	  420	PM0	1	51200	512
2	  235	  235	  285	PM2	1	51200	1024
2	  235	  235	  430	PM3	1	512000	2048
2	  241	  241	  301	PM7	1	512000	512
0	  241	  241	  346	PM2	1	2048	1024
0	  241	  241	  286	PM4	2	51200	1024
0	  253	  253	  268	PM5	2	51200	2048
2	  253	  253	  353	PM6	1	1024000	512
2	  254	  254	  374	PM8	1	51200	1024
2	  254	  254	  349	PM0	1	204800	512
0	  256	  256	  361	PM5	2	51200	512
1	  256	  256	  336	PM5	1	204800	1024
1	  262	  262	  277	PM1	1	51200	1024
2	  268	  268	  343	PM6	2	1024000	512
1	  272	  272	  362	PM8	1	204800	1024
1	  272	  272	  332	PM1	2	51200	1024
2	  272	  272	  437	PM5	1	512000	2048
2	  280	  280	  335	PM9	1	51200	2048
2	  290	  290	  425	PM2	1	512000	512
0	  290	  290	  325	PM4	2	51200	512
2	  291	  291	  361	PM1	2	51200	512
2	  293	  293	  353	PM2	2	1024000	512
1	  297	  297	  337	PM4	1	2048	512
2	  297	  297	  432	PM6	4	51200	2048
2	  299	  299	  319	PM9	1	51200	512
2	  301	  301	  346	PM7	1	51200	512
0	  307	  307	  372	PM7	1	204800	512
0	  311	  311	  426	PM8	2	51200	1024
0	  311	  311	  326	PM9	1	51200	2048
2	  311	  311	  431	PM0	1	512000	512
0	  314	  314	  409	PM1	4	51200	1024
0	  320	  320	  365	PM9	1	51200	512
2	  320	  320	  365	PM2	1	51200	2048
2	  323	  323	  388	PM3	1	1024000	1024
0	  324	  324	  389	PM7	1	51200	512
2	  336	  336	  451	PM9	1	512000	1024
0	  336	  336	  411	PM4	1	2048	512
2	  336	  336	  446	PM5	1	204800	1024
1	  336	  336	  391	PM9	1	51200	512
1	  346	  346	  406	PM4	2	51200	512
2	  350	  350	  410	PM1	1	1024000	2048
2	  359	  359	  424	PM6	1	51200	1024
0	  363	  363	  398	PM1	2	2048	512
0	  372	  372	  422	PM2	1	204800	512
2	  372	  372	  437	PM7	4	512000	512
2	  378	  378	  453	PM8	4	512000	1024
2	  381	  381	  476	PM2	1	204800	1024
1	  383	  383	  448	PM3	2	51200	512
0	  383	  383	  458	PM4	1	204800	1024
2	  383	  383	  453	PM5	1	204800	512
1	  385	  385	  505	PM6	1	51200	512
1	  387	  387	  432	PM7	1	2048	512
2	  387	  387	  452	PM8	1	512000	512
1	  388	  388	  433	PM3	1	51200	1024
2	  390	  390	  460	PM7	1	204800	512
2	  398	  398	  498	PM9	1	512000	1024
0	  401	  401	  466	PM1	1	204800	512
1	  405	  405	  520	PM9	2	51200	1024
1	  417	  417	  532	PM1	1	51200	1024
0	  432	  432	  497	PM0	1	51200	1024
2	  437	  437	  487	PM0	4	1024000	1024
0	  437	  437	  472	PM2	1	51200	1024
1	  443	  443	  493	PM3	1	204800	512
0	  443	  443	  518	PM4	2	2048	1024
0	  446	  446	  471	PM5	1	204800	512
0	  446	  446	  501	PM6	1	2048	512
2	  451	  451	  546	PM3	1	51200	1024
0	  460	  460	  510	PM7	1	204800	512
0	  460	  460	  500	PM8	1	2048	512
1	  466	  466	  561	PM1	1	2048	512
2	  466	  466	  516	PM4	1	2048	2048
2	  466	  466	  481	PM5	1	51200	1024
1	  472	  472	  552	PM2	1	204800	1024
2	  472	  472	  527	PM5	1	204800	2048
2	  487	  487	  522	PM0	1	2048	512
1	  493	  493	  563	PM2	2	51200	512
2	  494	  494	  614	PM3	4	512000	1024
0	  500	  500	  510	PM8	1	204800	512
2	  515	  515	  560	PM6	1	512000	512
2	  519	  519	  554	PM4	1	512000	512
2	  519	  519	  599	PM7	1	51200	1024
0	  521	  521	  606	PM8	2	2048	512
1	  531	  531	  611	PM0	4	51200	512
0	  531	  531	  556	PM5	1	51200	2048
2	  531	  531	  601	PM9	1	1024000	1024
0	  534	  534	  639	PM0	1	204800	1024
0	  534	  534	  609	PM1	1	204800	512
2	  540	  540	  565	PM4	2	204800	1024
1	  540	  540	  605	PM5	2	51200	1024
0	  545	  545	  610	PM6	1	51200	2048
1	  551	  551	  616	PM3	1	2048	512
1	  551	  551	  641	PM7	1	51200	512
2	  551	  551	  601	PM8	1	51200	2048

