normal	multicore_plat.xml	Generators/tasks2.csv

0	   12	   12	   97	PM0	1	2048	2048
1	   13	   13	   43	PM1	4	204800	1024
1	   25	   25	   60	PM2	1	204800	2048
0	   28	   28	   48	PM3	1	2048	512
0	   29	   29	   59	PM4	4	51200	2048
0	   32	   32	  117	PM5	1	204800	512
0	   32	   32	  107	PM6	2	204800	1024
1	   35	   35	   65	PM7	1	204800	2048
0	   35	   35	  130	PM8	1	204800	512
0	   39	   39	  124	PM9	2	2048	2048
2	   40	   40	   55	PM0	4	512000	1024
2	   49	   49	  144	PM1	1	512000	1024
2	   53	   53	   98	PM3	1	51200	512
1	   53	   53	  118	PM1	2	51200	2048
1	   53	   53	  158	PM2	2	51200	512
0	   56	   56	  101	PM0	1	51200	1024
0	   59	   59	  154	PM4	2	204800	512
0	   65	   65	  100	PM7	1	204800	512
1	   71	   71	  206	PM2	1	204800	1024
0	   72	   72	  147	PM3	1	204800	512
1	   72	   72	  107	PM4	1	2048	1024
1	   72	   72	  162	PM5	1	51200	1024
1	   78	   78	  133	PM6	1	2048	512
1	   78	   78	  163	PM7	1	51200	2048
2	   78	   78	  163	PM8	4	512000	1024
1	   83	   83	  188	PM9	1	51200	1024
1	   83	   83	  178	PM0	1	51200	512
1	   92	   92	  192	PM1	1	204800	512
2	   96	   96	  201	PM2	1	204800	1024
2	  101	  101	  176	PM0	2	512000	1024
0	  102	  102	  117	PM3	1	51200	1024
2	  102	  102	  182	PM7	1	204800	1024
2	  102	  102	  122	PM0	1	204800	2048
0	  104	  104	  204	PM3	1	51200	512
1	  116	  116	  181	PM4	1	204800	512
0	  117	  117	  207	PM5	2	51200	512
1	  117	  117	  132	PM6	1	204800	512
1	  117	  117	  182	PM3	1	204800	512
1	  121	  121	  246	PM1	1	51200	1024
2	  136	  136	  236	PM6	4	51200	2048
2	  138	  138	  223	PM6	1	512000	2048
0	  138	  138	  233	PM8	1	51200	512
1	  138	  138	  188	PM9	1	204800	2048
0	  138	  138	  228	PM0	1	2048	512
2	  144	  144	  224	PM1	1	51200	2048
1	  144	  144	  189	PM4	1	204800	512
1	  148	  148	  203	PM3	1	51200	512
0	  148	  148	  238	PM5	1	51200	1024
1	  148	  148	  268	PM6	1	204800	2048
1	  148	  148	  213	PM7	1	2048	512
2	  154	  154	  234	PM4	1	51200	512
0	  160	  160	  250	PM2	2	51200	1024
0	  160	  160	  205	PM8	2	2048	512
2	  162	  162	  262	PM5	2	51200	512
0	  162	  162	  217	PM9	1	51200	512
1	  170	  170	  220	PM7	1	204800	1024
0	  176	  176	  211	PM0	1	2048	512
1	  186	  186	  236	PM0	1	204800	512
0	  186	  186	  261	PM3	2	204800	512
1	  186	  186	  271	PM4	1	51200	2048
0	  191	  191	  246	PM9	1	204800	512
2	  203	  203	  258	PM1	1	204800	2048
2	  218	  218	  288	PM2	1	512000	2048
2	  221	  221	  231	PM7	1	204800	512
2	  229	  229	  299	PM0	1	204800	2048
1	  229	  229	  349	PM3	1	204800	512
1	  238	  238	  268	PM7	2	204800	512
0	  238	  238	  258	PM8	1	204800	2048
1	  247	  247	  287	PM9	2	204800	1024
0	  247	  247	  357	PM0	2	51200	512
0	  247	  247	  302	PM1	4	51200	1024
2	  249	  249	  294	PM4	4	1024000	512
0	  249	  249	  304	PM5	1	51200	512
1	  258	  258	  318	PM8	2	204800	1024
0	  259	  259	  274	PM1	4	204800	2048
0	  259	  259	  339	PM2	1	51200	512
2	  259	  259	  349	PM6	1	1024000	1024
2	  263	  263	  328	PM3	1	204800	512
1	  269	  269	  334	PM7	2	51200	2048
2	  281	  281	  356	PM1	4	512000	2048
0	  293	  293	  338	PM9	1	2048	512
2	  293	  293	  333	PM2	1	512000	512
1	  293	  293	  388	PM4	1	204800	1024
1	  297	  297	  402	PM4	1	51200	512
2	  297	  297	  367	PM5	1	204800	512
2	  297	  297	  372	PM6	2	1024000	2048
0	  300	  300	  355	PM0	2	204800	1024
0	  304	  304	  349	PM1	4	51200	512
0	  304	  304	  339	PM5	1	51200	1024
0	  316	  316	  371	PM7	2	51200	512
0	  320	  320	  355	PM8	4	51200	1024
2	  320	  320	  415	PM8	1	1024000	1024
0	  324	  324	  389	PM9	2	51200	512
1	  324	  324	  349	PM0	1	204800	1024
1	  326	  326	  341	PM1	1	204800	512
1	  326	  326	  366	PM2	1	204800	512
2	  326	  326	  341	PM3	1	512000	512
2	  327	  327	  442	PM4	1	1024000	1024
2	  335	  335	  445	PM7	1	204800	2048
2	  335	  335	  385	PM2	1	51200	1024

