aware	multicore_plat.xml	Generators/disk_heavy1.csv

2	    0	    0	   70	PM0	2	204800	1024
2	   10	   10	  105	PM1	1	51200	512
2	   22	   22	   62	PM2	1	512000	1024
2	   22	   22	   82	PM3	2	51200	1024
1	   22	   22	   67	PM4	1	51200	1024
2	   22	   22	   72	PM5	2	204800	1024
0	   22	   22	   77	PM6	1	51200	512
1	   32	   32	   42	PM7	2	51200	1024
2	   40	   40	  120	PM8	2	51200	512
0	   46	   46	   91	PM7	1	51200	512
2	   46	   46	  106	PM9	2	512000	2048
1	   48	   48	   63	PM6	1	51200	512
2	   50	   50	  100	PM7	1	204800	512
2	   55	   55	  145	PM4	1	1024000	2048
2	   63	   63	  118	PM2	1	51200	1024
2	   66	   66	  101	PM6	1	1024000	1024
1	   74	   74	  154	PM0	1	204800	512
1	   74	   74	  144	PM5	1	51200	1024
1	   86	   86	  131	PM3	1	204800	512
2	   86	   86	  136	PM0	1	51200	512
0	   88	   88	  163	PM3	2	204800	1024
1	   92	   92	  177	PM1	1	51200	512
0	   92	   92	  117	PM5	1	204800	2048
0	   92	   92	  157	PM2	1	51200	512
2	   92	   92	  137	PM4	1	204800	2048
0	  107	  107	  207	PM6	1	51200	512
2	  109	  109	  149	PM7	1	512000	512
1	  111	  111	  166	PM9	1	51200	512
0	  117	  117	  197	PM1	1	51200	512
1	  117	  117	  162	PM6	1	204800	1024
2	  117	  117	  132	PM5	1	1024000	512
2	  126	  126	  181	PM8	2	512000	2048
0	  129	  129	  209	PM9	1	204800	1024
0	  141	  141	  166	PM0	1	51200	512
2	  144	  144	  184	PM5	2	51200	1024
0	  149	  149	  214	PM4	1	51200	2048
2	  149	  149	  209	PM7	1	204800	2048
2	  149	  149	  164	PM2	2	512000	1024
2	  154	  154	  229	PM0	1	1024000	2048
2	  154	  154	  249	PM3	1	51200	512
2	  154	  154	  234	PM4	2	2048	512
2	  154	  154	  284	PM5	2	51200	512
0	  154	  154	  189	PM7	1	2048	1024
0	  154	  154	  244	PM8	2	51200	512
2	  156	  156	  256	PM1	2	204800	1024
1	  156	  156	  231	PM0	1	51200	1024
2	  160	  160	  185	PM2	1	204800	512
1	  163	  163	  228	PM6	1	204800	512
1	  163	  163	  213	PM3	1	2048	512
2	  163	  163	  208	PM6	1	1024000	512
1	  171	  171	  251	PM9	1	51200	512
0	  173	  173	  243	PM2	1	51200	512
1	  173	  173	  253	PM2	1	51200	512
2	  176	  176	  311	PM9	1	512000	2048
2	  181	  181	  266	PM8	1	204800	512
2	  181	  181	  241	PM1	1	51200	2048
2	  190	  190	  280	PM5	1	51200	1024
0	  196	  196	  251	PM7	1	51200	1024
2	  202	  202	  217	PM2	1	51200	1024
2	  208	  208	  298	PM6	2	512000	512
2	  208	  208	  373	PM4	1	51200	2048
2	  210	  210	  315	PM7	1	512000	512
2	  213	  213	  268	PM3	1	204800	1024
2	  219	  219	  324	PM2	4	51200	512
0	  228	  228	  348	PM6	1	204800	2048
2	  234	  234	  334	PM0	1	512000	1024
0	  234	  234	  304	PM0	1	2048	1024
2	  235	  235	  385	PM4	1	51200	512
2	  235	  235	  290	PM0	1	51200	1024
2	  235	  235	  385	PM6	1	512000	2048
2	  241	  241	  301	PM1	1	512000	512
0	  241	  241	  341	PM9	1	2048	1024
0	  241	  241	  286	PM7	2	51200	1024
0	  253	  253	  268	PM2	2	51200	2048
2	  253	  253	  353	PM3	1	1024000	512
2	  254	  254	  404	PM8	1	51200	1024
2	  254	  254	  319	PM2	1	204800	512
0	  256	  256	  361	PM1	2	51200	512
1	  256	  256	  341	PM1	1	204800	1024
1	  262	  262	  277	PM7	1	51200	1024
2	  268	  268	  343	PM3	2	1024000	512
1	  272	  272	  377	PM8	1	204800	1024
1	  272	  272	  327	PM9	2	51200	1024
2	  272	  272	  427	PM8	1	512000	2048
2	  280	  280	  340	PM5	1	51200	2048
2	  290	  290	  405	PM5	1	512000	512
0	  290	  290	  325	PM7	2	51200	512
2	  291	  291	  356	PM0	2	51200	512
2	  293	  293	  338	PM7	2	1024000	512
1	  297	  297	  342	PM2	1	2048	512
2	  297	  297	  422	PM3	4	51200	2048
2	  299	  299	  319	PM6	1	51200	512
2	  301	  301	  346	PM1	1	51200	512
0	  307	  307	  377	PM0	1	204800	512
0	  311	  311	  426	PM9	2	51200	1024
0	  311	  311	  326	PM9	1	51200	2048
2	  311	  311	  411	PM4	1	512000	512
0	  314	  314	  404	PM5	4	51200	1024
0	  320	  320	  365	PM2	1	51200	512
2	  320	  320	  355	PM6	1	51200	2048
2	  323	  323	  363	PM7	1	1024000	1024
0	  324	  324	  394	PM2	1	51200	512
2	  336	  336	  446	PM9	1	512000	1024
0	  336	  336	  416	PM0	1	2048	512
2	  336	  336	  426	PM2	1	204800	1024
1	  336	  336	  386	PM7	1	51200	512
1	  346	  346	  411	PM1	2	51200	512
2	  350	  350	  405	PM1	1	1024000	2048
2	  359	  359	  419	PM3	1	51200	1024
0	  363	  363	  398	PM7	2	2048	512
0	  372	  372	  417	PM6	1	204800	512
2	  372	  372	  437	PM0	4	512000	512
2	  378	  378	  443	PM7	4	512000	1024
2	  381	  381	  476	PM0	1	204800	1024
1	  383	  383	  453	PM2	2	51200	512
0	  383	  383	  458	PM1	1	204800	1024
2	  383	  383	  438	PM5	1	204800	512
1	  385	  385	  510	PM6	1	51200	512
1	  387	  387	  427	PM4	1	2048	512
2	  387	  387	  442	PM6	1	512000	512
1	  388	  388	  428	PM7	1	51200	1024
2	  390	  390	  465	PM9	1	204800	512
2	  398	  398	  493	PM2	1	512000	1024
0	  401	  401	  466	PM4	1	204800	512
1	  405	  405	  510	PM5	2	51200	1024
1	  417	  417	  532	PM1	1	51200	1024
0	  432	  432	  497	PM3	1	51200	1024
2	  437	  437	  477	PM8	4	1024000	1024
0	  437	  437	  472	PM3	1	51200	1024
1	  443	  443	  488	PM7	1	204800	512
0	  443	  443	  518	PM5	2	2048	1024
0	  446	  446	  471	PM6	1	204800	512
0	  446	  446	  501	PM7	1	2048	512
2	  451	  451	  526	PM4	1	51200	1024
0	  460	  460	  515	PM1	1	204800	512
0	  460	  460	  505	PM0	1	2048	512
1	  466	  466	  556	PM9	1	2048	512
2	  466	  466	  516	PM9	1	2048	2048
2	  466	  466	  481	PM2	1	51200	1024
1	  472	  472	  552	PM3	1	204800	1024
2	  472	  472	  532	PM6	1	204800	2048
2	  487	  487	  517	PM8	1	2048	512
1	  493	  493	  558	PM2	2	51200	512
2	  494	  494	  594	PM0	4	512000	1024
0	  500	  500	  515	PM2	1	204800	512
2	  515	  515	  555	PM7	1	512000	512
2	  519	  519	  549	PM5	1	512000	512
2	  519	  519	  589	PM8	1	51200	1024
0	  521	  521	  606	PM1	2	2048	512
1	  531	  531	  611	PM4	4	51200	512
0	  531	  531	  556	PM2	1	51200	2048
2	  531	  531	  606	PM3	1	1024000	1024
0	  534	  534	  639	PM6	1	204800	1024
0	  534	  534	  609	PM4	1	204800	512
2	  540	  540	  565	PM1	2	204800	1024
1	  540	  540	  610	PM6	2	51200	1024
0	  545	  545	  610	PM9	1	51200	2048
1	  551	  551	  611	PM5	1	2048	512
1	  551	  551	  641	PM0	1	51200	512
2	  551	  551	  601	PM5	1	51200	2048

