normal	multicore_plat2.xml	Generators/tasks_dense.csv

1	    6	    6	   96	PM0	1	51200	512
0	    6	    6	  161	PM1	2	204800	512
0	    8	    8	  103	PM4	2	2048	1024
0	   12	   12	  142	PM5	2	51200	2048
1	   18	   18	 2233	PM2	1	2048	2048
1	   24	   24	 1869	PM3	1	51200	2048
0	   24	   24	 1634	PM6	2	204800	1024
1	   24	   24	 1814	PM7	1	204800	512
2	   26	   26	 2721	PM8	4	51200	2048
1	   32	   32	 2972	PM9	1	204800	512
1	   32	   32	   67	PM0	1	204800	1024
2	   32	   32	 3447	PM1	1	204800	512
1	   36	   36	 1511	PM4	1	204800	512
2	   36	   36	 3281	PM5	1	51200	1024
2	   38	   38	 2203	PM0	1	512000	1024
0	   41	   41	  341	PM1	1	2048	512
1	   41	   41	  141	PM4	1	51200	512
1	   43	   43	 1118	PM5	1	51200	2048
0	   49	   49	  179	PM0	2	51200	512
0	   51	   51	  256	PM1	1	51200	2048
2	   54	   54	 2369	PM4	1	51200	512
2	   54	   54	 2919	PM5	1	204800	512
1	   56	   56	 1976	PM0	1	2048	512
0	   62	   62	  277	PM1	2	51200	1024
0	   66	   66	  271	PM4	1	51200	512
1	   67	   67	 1257	PM0	1	2048	1024
0	   69	   69	  129	PM5	1	204800	512
0	   71	   71	  136	PM0	1	204800	512
1	   71	   71	 1916	PM1	1	51200	512
0	   72	   72	  177	PM4	1	204800	512
0	   72	   72	  222	PM5	1	51200	2048
1	   72	   72	 1752	PM0	2	204800	1024
1	   75	   75	 1930	PM1	1	51200	512
2	   76	   76	 2016	PM4	2	512000	2048
0	   80	   80	  235	PM5	2	204800	1024
0	   86	   86	  301	PM0	1	204800	1024
0	   86	   86	  276	PM1	2	204800	1024
1	   86	   86	  846	PM4	1	2048	512
0	   88	   88	  198	PM5	1	51200	1024
1	   92	   92	 1657	PM0	2	2048	1024
0	   94	   94	  194	PM1	1	51200	1024
2	   94	   94	 2644	PM4	2	512000	2048
0	   96	   96	  321	PM0	1	204800	512
2	  102	  102	 3227	PM5	2	204800	1024
1	  102	  102	 1917	PM0	4	51200	1024
0	  103	  103	  473	PM4	1	204800	512
0	  103	  103	  258	PM1	1	204800	2048
2	  105	  105	 2620	PM4	2	512000	512
2	  108	  108	 3083	PM5	1	512000	512
1	  110	  110	 1835	PM0	2	204800	2048
0	  110	  110	  515	PM1	4	51200	512
0	  116	  116	  666	PM4	1	204800	512
2	  116	  116	 3086	PM5	1	512000	2048
0	  116	  116	 1841	PM2	1	204800	1024
2	  116	  116	 1161	PM3	1	512000	512
0	  116	  116	 2416	PM6	1	2048	512
0	  117	  117	 1747	PM7	1	51200	512
0	  118	  118	 1833	PM8	1	204800	512
1	  120	  120	 1570	PM9	1	2048	1024
2	  121	  121	 2006	PM0	4	204800	512
1	  122	  122	 1907	PM1	4	204800	2048
0	  125	  125	  395	PM4	1	204800	512
0	  125	  125	  550	PM5	1	51200	512
0	  125	  125	  375	PM0	1	51200	512
0	  129	  129	  444	PM5	4	51200	1024
0	  130	  130	  680	PM1	1	204800	2048
1	  133	  133	  443	PM4	4	2048	512
2	  133	  133	 3273	PM5	1	51200	1024
1	  139	  139	 1999	PM0	1	51200	2048
2	  145	  145	 2630	PM4	1	512000	1024
1	  145	  145	 1830	PM5	1	51200	512
1	  149	  149	 1759	PM0	2	51200	512
0	  149	  149	  339	PM1	1	51200	512
2	  152	  152	 2632	PM4	4	1024000	1024
2	  156	  156	 3181	PM5	1	512000	2048
1	  158	  158	 1878	PM0	1	204800	2048
1	  158	  158	 1513	PM1	1	51200	1024
2	  164	  164	 3654	PM1	2	51200	1024
1	  167	  167	 1557	PM4	1	204800	1024
0	  171	  171	  331	PM5	1	51200	1024
1	  175	  175	 1020	PM0	1	204800	512
0	  175	  175	  325	PM1	1	204800	1024
2	  178	  178	 2558	PM4	1	204800	512
0	  179	  179	  584	PM0	1	51200	512
1	  181	  181	 1436	PM4	1	51200	512
0	  184	  184	  574	PM5	1	51200	2048
2	  187	  187	 2192	PM0	1	1024000	2048
2	  189	  189	 3779	PM1	1	204800	512
0	  189	  189	  544	PM4	1	2048	2048
0	  191	  191	  736	PM5	2	51200	512
2	  195	  195	 3540	PM1	1	512000	1024
2	  197	  197	 1922	PM0	1	512000	512
0	  197	  197	  357	PM1	1	51200	512
0	  203	  203	  433	PM5	1	204800	512
1	  203	  203	 1273	PM4	1	51200	1024
0	  203	  203	  258	PM5	2	51200	2048
1	  207	  207	 1647	PM0	1	204800	512
2	  209	  209	 3544	PM1	1	204800	2048
2	  209	  209	 2559	PM4	2	512000	512
1	  209	  209	 1734	PM5	4	51200	1024
1	  209	  209	 1649	PM0	1	51200	512
1	  209	  209	 1324	PM1	1	51200	512
2	  209	  209	 2634	PM4	1	512000	1024
2	  209	  209	 2614	PM5	1	512000	1024
1	  209	  209	 1964	PM0	1	51200	512
2	  210	  210	 3090	PM1	1	204800	512
1	  214	  214	 1849	PM4	1	2048	2048
2	  214	  214	 3304	PM5	1	512000	2048
1	  216	  216	 2001	PM2	1	51200	512
1	  216	  216	  921	PM3	1	51200	512
1	  216	  216	 2721	PM6	1	51200	512
0	  216	  216	 1851	PM7	1	51200	2048
1	  220	  220	 1610	PM8	1	51200	1024
1	  220	  220	 1975	PM9	1	51200	512
1	  220	  220	 1965	PM0	1	2048	512
2	  226	  226	 3276	PM5	2	512000	512
1	  227	  227	 2187	PM1	1	204800	512
1	  233	  233	  868	PM4	1	51200	1024
0	  239	  239	  634	PM5	1	51200	512
2	  239	  239	 2129	PM5	1	204800	1024
2	  239	  239	 2224	PM0	1	51200	2048
2	  242	  242	 3547	PM1	1	512000	1024
0	  242	  242	  652	PM4	1	2048	2048
0	  246	  246	  476	PM5	1	204800	1024
0	  246	  246	  541	PM0	2	51200	1024
1	  246	  246	 2196	PM1	1	2048	2048
0	  250	  250	  375	PM4	1	204800	1024
2	  250	  250	 2620	PM5	1	512000	2048
0	  250	  250	  485	PM0	1	204800	2048
1	  256	  256	  696	PM1	1	2048	1024
2	  258	  258	 3783	PM1	2	512000	1024
1	  260	  260	 1900	PM5	1	204800	512
2	  262	  262	 3802	PM1	1	51200	2048
2	  262	  262	 2652	PM4	2	512000	1024
1	  265	  265	 1590	PM5	1	204800	512
1	  265	  265	 2090	PM0	1	51200	512
2	  267	  267	 3782	PM1	1	512000	1024
1	  268	  268	 1473	PM4	1	51200	2048
1	  270	  270	 1765	PM5	1	51200	1024
2	  270	  270	 2085	PM0	1	51200	2048
2	  274	  274	 1529	PM4	1	512000	1024
2	  275	  275	 3805	PM1	1	51200	2048
1	  275	  275	 1775	PM4	2	204800	512
1	  277	  277	 2362	PM1	1	51200	2048
2	  277	  277	 3782	PM1	1	51200	1024
0	  277	  277	  507	PM5	1	204800	512
1	  281	  281	 1916	PM0	2	204800	512
2	  283	  283	 3553	PM1	1	1024000	512
1	  285	  285	 1685	PM4	1	204800	2048
0	  289	  289	  519	PM5	1	51200	512
2	  289	  289	 2024	PM0	1	512000	1024
2	  289	  289	 3554	PM1	1	512000	512
0	  289	  289	  414	PM4	1	2048	1024
0	  289	  289	  679	PM5	2	2048	2048
1	  291	  291	 1686	PM0	1	51200	2048
1	  291	  291	 1666	PM1	1	2048	1024
2	  297	  297	 2167	PM4	1	512000	512
2	  301	  301	 2251	PM0	1	512000	1024
2	  301	  301	 3281	PM5	2	512000	1024
2	  301	  301	 2201	PM0	1	1024000	512
1	  301	  301	 2071	PM1	4	204800	512
2	  302	  302	 2692	PM4	1	51200	1024
1	  304	  304	 1604	PM5	2	51200	512
2	  305	  305	 1975	PM2	1	512000	1024
1	  307	  307	 1507	PM3	1	2048	512
0	  307	  307	  787	PM6	1	51200	2048
0	  307	  307	 2362	PM7	1	51200	512
0	  311	  311	 2036	PM8	1	2048	512
2	  317	  317	 3107	PM9	1	512000	512
1	  317	  317	 1827	PM0	2	204800	512
2	  317	  317	 3782	PM1	2	512000	1024
0	  317	  317	  667	PM4	1	51200	512
0	  320	  320	  805	PM5	2	2048	512
2	  323	  323	 2228	PM0	1	512000	2048
2	  327	  327	 3557	PM1	4	1024000	512
0	  330	  330	  750	PM0	1	51200	512
0	  330	  330	  825	PM1	1	51200	512
2	  330	  330	 2665	PM4	1	204800	512
2	  332	  332	 2962	PM5	2	204800	512
1	  332	  332	 1262	PM5	1	51200	512
0	  335	  335	  580	PM0	1	51200	512
1	  338	  338	 1698	PM1	1	51200	512
0	  338	  338	  578	PM4	1	204800	512
1	  338	  338	  873	PM5	1	51200	1024
2	  338	  338	 2198	PM0	1	51200	1024
2	  341	  341	 3671	PM1	2	1024000	2048
2	  341	  341	 3806	PM1	1	51200	512
1	  341	  341	 1701	PM1	1	51200	2048
2	  341	  341	 1891	PM4	1	512000	1024
2	  341	  341	 3291	PM5	1	512000	512
1	  344	  344	 1474	PM0	2	204800	1024
2	  344	  344	 3834	PM1	1	512000	1024
0	  344	  344	  744	PM4	1	204800	2048
2	  344	  344	 2964	PM5	1	204800	512
1	  345	  345	 1925	PM0	2	51200	1024
2	  345	  345	 3670	PM1	2	512000	512
0	  346	  346	  581	PM4	1	204800	1024
0	  346	  346	  876	PM5	1	51200	512
0	  346	  346	  766	PM0	1	204800	1024
0	  350	  350	  480	PM1	1	204800	512
1	  350	  350	 1135	PM4	1	2048	512
2	  356	  356	 2966	PM5	1	512000	512
1	  358	  358	 2393	PM1	1	51200	1024
1	  358	  358	 1708	PM0	1	51200	512
0	  358	  358	  423	PM1	2	2048	512
1	  359	  359	 1609	PM4	1	51200	512
1	  359	  359	 1634	PM5	1	2048	512
0	  359	  359	  544	PM0	1	2048	1024
2	  359	  359	 3729	PM1	1	512000	512
1	  363	  363	 1883	PM4	1	51200	512
0	  365	  365	  795	PM5	1	51200	512
1	  367	  367	 1487	PM0	1	51200	1024
1	  368	  368	 2098	PM1	1	51200	1024
0	  370	  370	  605	PM4	1	204800	1024
2	  372	  372	 2637	PM5	1	512000	1024
1	  378	  378	 1223	PM0	1	51200	512
0	  378	  378	  558	PM4	1	2048	512
1	  378	  378	 2133	PM2	1	2048	512
0	  384	  384	  889	PM3	2	2048	1024
2	  384	  384	 2599	PM6	1	512000	512
1	  384	  384	 2584	PM7	1	51200	512
2	  386	  386	 2406	PM8	1	512000	512
1	  386	  386	 1566	PM9	2	51200	1024
1	  390	  390	 1500	PM0	1	204800	1024
2	  390	  390	 3670	PM1	1	512000	512
2	  390	  390	 1545	PM4	1	512000	512
2	  391	  391	 3241	PM5	1	512000	1024
2	  391	  391	 2266	PM0	1	512000	2048
2	  391	  391	 3671	PM1	2	512000	1024
2	  394	  394	 2404	PM4	1	51200	1024
0	  394	  394	  769	PM5	4	204800	512
0	  396	  396	  681	PM4	1	51200	512
0	  398	  398	  813	PM0	1	2048	512
0	  398	  398	  593	PM1	4	204800	2048
2	  400	  400	 2635	PM4	1	512000	1024
2	  404	  404	 2644	PM5	2	1024000	512
0	  404	  404	  704	PM0	2	2048	2048
1	  406	  406	 2261	PM1	2	204800	512
2	  406	  406	 2401	PM4	4	512000	1024
1	  412	  412	  697	PM5	1	204800	2048
2	  412	  412	 2232	PM0	1	51200	1024
1	  412	  412	 2512	PM1	1	204800	512
1	  418	  418	 1713	PM4	1	2048	2048
0	  418	  418	  593	PM4	1	51200	512
1	  418	  418	 1658	PM5	1	51200	2048
2	  418	  418	 2228	PM0	4	512000	1024
2	  418	  418	 3148	PM1	1	51200	512
1	  421	  421	 1801	PM4	2	204800	2048
2	  425	  425	 3670	PM1	1	512000	1024
1	  426	  426	 1946	PM5	1	204800	512

