normal	multicore_plat2.xml	Generators/disk_heavy1.csv


2	    0	    0	   85	PM0	2	204800	1024
2	   10	   10	  120	PM1	1	51200	512
2	   22	   22	   67	PM4	1	512000	1024
2	   22	   22	   92	PM5	2	51200	1024
1	   22	   22	   72	PM6	1	51200	1024
2	   22	   22	   87	PM7	2	204800	1024
0	   22	   22	   87	PM8	1	51200	512
1	   32	   32	   47	PM9	2	51200	1024
2	   40	   40	  210	PM2	2	51200	512
0	   46	   46	  126	PM3	1	51200	512
2	   46	   46	  126	PM0	2	512000	2048
1	   48	   48	   63	PM9	1	51200	512
2	   50	   50	  110	PM1	1	204800	512
2	   55	   55	  145	PM4	1	1024000	2048
2	   63	   63	  133	PM9	1	51200	1024
2	   66	   66	  106	PM5	1	1024000	1024
1	   74	   74	  184	PM6	1	204800	512
1	   74	   74	  149	PM4	1	51200	1024
1	   86	   86	  136	PM0	1	204800	512
2	   86	   86	  151	PM6	1	51200	512
0	   88	   88	  183	PM7	2	204800	1024
1	   92	   92	  207	PM8	1	51200	512
0	   92	   92	  117	PM5	1	204800	2048
0	   92	   92	  172	PM7	1	51200	512
2	   92	   92	  142	PM8	1	204800	2048
0	  107	  107	  202	PM5	1	51200	512
2	  109	  109	  174	PM9	1	512000	512
1	  111	  111	  171	PM1	1	51200	512
0	  117	  117	  192	PM5	1	51200	512
1	  117	  117	  167	PM0	1	204800	1024
2	  117	  117	  132	PM1	1	1024000	512
2	  126	  126	  256	PM3	2	512000	2048
0	  129	  129	  214	PM0	1	204800	1024
0	  141	  141	  166	PM1	1	51200	512
2	  144	  144	  199	PM8	2	51200	1024
0	  149	  149	  219	PM4	1	51200	2048
2	  149	  149	  234	PM4	1	204800	2048
2	  149	  149	  169	PM9	2	512000	1024
2	  154	  154	  269	PM6	1	1024000	2048
2	  154	  154	  304	PM0	1	51200	512
2	  154	  154	  244	PM1	2	2048	512
2	  154	  154	  354	PM4	2	51200	512
0	  154	  154	  189	PM5	1	2048	1024
0	  154	  154	  329	PM2	2	51200	512
2	  156	  156	  346	PM3	2	204800	1024
1	  156	  156	  261	PM6	1	51200	1024
2	  160	  160	  195	PM7	1	204800	512
1	  163	  163	  248	PM8	1	204800	512
1	  163	  163	  238	PM9	1	2048	512
2	  163	  163	  228	PM0	1	1024000	512
1	  171	  171	  251	PM1	1	51200	512
0	  173	  173	  243	PM1	1	51200	512
1	  173	  173	  268	PM7	1	51200	512
2	  176	  176	  431	PM9	1	512000	2048
2	  181	  181	  371	PM9	1	204800	512
2	  181	  181	  276	PM0	1	51200	2048
2	  190	  190	  295	PM5	1	51200	1024
0	  196	  196	  266	PM7	1	51200	1024
2	  202	  202	  222	PM5	1	51200	1024
2	  208	  208	  353	PM8	2	512000	512
2	  208	  208	  408	PM5	1	51200	2048
2	  210	  210	  435	PM2	1	512000	512
2	  213	  213	  298	PM6	1	204800	1024
2	  219	  219	  404	PM4	4	51200	512
0	  228	  228	  353	PM0	1	204800	2048
2	  234	  234	  399	PM4	1	512000	1024
0	  234	  234	  309	PM5	1	2048	1024
2	  235	  235	  445	PM7	1	51200	512
2	  235	  235	  315	PM8	1	51200	1024
2	  235	  235	  505	PM0	1	512000	2048
2	  241	  241	  366	PM9	1	512000	512
0	  241	  241	  356	PM1	1	2048	1024
0	  241	  241	  291	PM4	2	51200	1024
0	  253	  253	  268	PM1	2	51200	2048
2	  253	  253	  428	PM1	1	1024000	512
2	  254	  254	  534	PM8	1	51200	1024
2	  254	  254	  364	PM1	1	204800	512
0	  256	  256	  451	PM3	2	51200	512
1	  256	  256	  356	PM5	1	204800	1024
1	  262	  262	  282	PM6	1	51200	1024
2	  268	  268	  383	PM7	2	1024000	512
1	  272	  272	  412	PM6	1	204800	1024
1	  272	  272	  357	PM7	2	51200	1024
2	  272	  272	  517	PM1	1	512000	2048
2	  280	  280	  385	PM0	1	51200	2048
2	  290	  290	  480	PM6	1	512000	512
0	  290	  290	  335	PM6	2	51200	512
2	  291	  291	  406	PM4	2	51200	512
2	  293	  293	  383	PM7	2	1024000	512
1	  297	  297	  352	PM5	1	2048	512
2	  297	  297	  547	PM8	4	51200	2048
2	  299	  299	  329	PM6	1	51200	512
2	  301	  301	  396	PM9	1	51200	512
0	  307	  307	  387	PM0	1	204800	512
0	  311	  311	  436	PM5	2	51200	1024
0	  311	  311	  326	PM0	1	51200	2048
2	  311	  311	  486	PM1	1	512000	512
0	  314	  314	  419	PM4	4	51200	1024
0	  320	  320	  380	PM8	1	51200	512
2	  320	  320	  370	PM5	1	51200	2048
2	  323	  323	  428	PM2	1	1024000	1024
0	  324	  324	  459	PM3	1	51200	512
2	  336	  336	  516	PM6	1	512000	1024
0	  336	  336	  441	PM6	1	2048	512
2	  336	  336	  511	PM0	1	204800	1024
1	  336	  336	  451	PM2	1	51200	512
1	  346	  346	  471	PM3	2	51200	512
2	  350	  350	  485	PM0	1	1024000	2048
2	  359	  359	  444	PM5	1	51200	1024
0	  363	  363	  408	PM7	2	2048	512
0	  372	  372	  432	PM9	1	204800	512
2	  372	  372	  487	PM1	4	512000	512
2	  378	  378	  478	PM5	4	512000	1024
2	  381	  381	  581	PM8	1	204800	1024
1	  383	  383	  468	PM7	2	51200	512
0	  383	  383	  483	PM7	1	204800	1024
2	  383	  383	  533	PM8	1	204800	512
1	  385	  385	  560	PM9	1	51200	512
1	  387	  387	  452	PM0	1	2048	512
2	  387	  387	  507	PM0	1	512000	512
1	  388	  388	  448	PM1	1	51200	1024
2	  390	  390	  475	PM4	1	204800	512
2	  398	  398	  543	PM9	1	512000	1024
0	  401	  401	  471	PM4	1	204800	512
1	  405	  405	  535	PM4	2	51200	1024
1	  417	  417	  552	PM5	1	51200	1024
0	  432	  432	  522	PM9	1	51200	1024
2	  437	  437	  552	PM2	4	1024000	1024
0	  437	  437	  472	PM4	1	51200	1024
1	  443	  443	  518	PM6	1	204800	512
0	  443	  443	  523	PM5	2	2048	1024
0	  446	  446	  476	PM7	1	204800	512
0	  446	  446	  506	PM5	1	2048	512
2	  451	  451	  621	PM2	1	51200	1024
0	  460	  460	  570	PM3	1	204800	512
0	  460	  460	  510	PM1	1	2048	512
1	  466	  466	  596	PM6	1	2048	512
2	  466	  466	  541	PM7	1	2048	2048
2	  466	  466	  496	PM9	1	51200	1024
1	  472	  472	  567	PM4	1	204800	1024
2	  472	  472	  587	PM3	1	204800	2048
2	  487	  487	  542	PM7	1	2048	512
1	  493	  493	  578	PM1	2	51200	512
2	  494	  494	  614	PM4	4	512000	1024
0	  500	  500	  515	PM7	1	204800	512
2	  515	  515	  575	PM0	1	512000	512
2	  519	  519	  569	PM0	1	512000	512
2	  519	  519	  629	PM1	1	51200	1024
0	  521	  521	  631	PM6	2	2048	512
1	  531	  531	  616	PM5	4	51200	512
0	  531	  531	  556	PM0	1	51200	2048
2	  531	  531	  636	PM1	1	1024000	1024
0	  534	  534	  639	PM5	1	204800	1024
0	  534	  534	  629	PM6	1	204800	512
2	  540	  540	  575	PM4	2	204800	1024
1	  540	  540	  635	PM7	2	51200	1024
0	  545	  545	  630	PM7	1	51200	2048
1	  551	  551	  621	PM8	1	2048	512
1	  551	  551	  656	PM9	1	51200	512
2	  551	  551	  626	PM7	1	51200	2048

