normal	multicore_plat2.xml	Generators/tasks_dense.csv


1	    6	    6	   76	PM0	1	51200	512
0	    6	    6	  146	PM1	2	204800	512
0	    8	    8	   98	PM4	2	2048	1024
0	   12	   12	  132	PM5	2	51200	2048
1	   18	   18	  903	PM6	1	2048	2048
1	   24	   24	  534	PM7	1	51200	2048
0	   24	   24	  244	PM8	2	204800	1024
1	   24	   24	  584	PM9	1	204800	512
2	   26	   26	 1226	PM2	4	51200	2048
1	   32	   32	 1262	PM3	1	204800	512
1	   32	   32	   57	PM0	1	204800	1024
2	   32	   32	 3117	PM1	1	204800	512
1	   36	   36	 1406	PM4	1	204800	512
2	   36	   36	 1546	PM5	1	51200	1024
2	   38	   38	 1698	PM6	1	512000	1024
0	   41	   41	  291	PM7	1	2048	512
1	   41	   41	  101	PM8	1	51200	512
1	   43	   43	  853	PM9	1	51200	2048
0	   49	   49	  149	PM0	2	51200	512
0	   51	   51	  216	PM1	1	51200	2048
2	   54	   54	 2099	PM4	1	51200	512
2	   54	   54	 1299	PM5	1	204800	512
1	   56	   56	 1166	PM2	1	2048	512
0	   62	   62	  222	PM0	2	51200	1024
0	   66	   66	  316	PM3	1	51200	512
1	   67	   67	  457	PM6	1	2048	1024
0	   69	   69	  129	PM7	1	204800	512
0	   71	   71	  131	PM8	1	204800	512
1	   71	   71	 1346	PM9	1	51200	512
0	   72	   72	  147	PM0	1	204800	512
0	   72	   72	  177	PM1	1	51200	2048
1	   72	   72	 1247	PM4	2	204800	1024
1	   75	   75	 1060	PM5	1	51200	512
2	   76	   76	 1676	PM0	2	512000	2048
0	   80	   80	  215	PM6	2	204800	1024
0	   86	   86	  246	PM7	1	204800	1024
0	   86	   86	  261	PM8	2	204800	1024
1	   86	   86	  276	PM9	1	2048	512
0	   88	   88	  168	PM0	1	51200	1024
1	   92	   92	 1007	PM1	2	2048	1024
0	   94	   94	  179	PM4	1	51200	1024
2	   94	   94	 1514	PM5	2	512000	2048
0	   96	   96	  361	PM2	1	204800	512
2	  102	  102	 3312	PM8	2	204800	1024
1	  102	  102	 1652	PM4	4	51200	1024
0	  103	  103	  533	PM3	1	204800	512
0	  103	  103	  218	PM0	1	204800	2048
2	  105	  105	 4510	PM1	2	512000	512
2	  108	  108	 2368	PM4	1	512000	512
1	  110	  110	 1055	PM5	2	204800	2048
0	  110	  110	  495	PM6	4	51200	512
0	  116	  116	  566	PM7	1	204800	512
2	  116	  116	 2956	PM8	1	512000	2048
0	  116	  116	  436	PM9	1	204800	1024
2	  116	  116	 2166	PM0	1	512000	512
0	  116	  116	  606	PM1	1	2048	512
0	  117	  117	  387	PM4	1	51200	512
0	  118	  118	  373	PM5	1	204800	512
1	  120	  120	  635	PM2	1	2048	1024
2	  121	  121	  981	PM3	4	204800	512
1	  122	  122	 1362	PM6	4	204800	2048
0	  125	  125	  295	PM7	1	204800	512
0	  125	  125	  535	PM8	1	51200	512
0	  125	  125	  325	PM9	1	51200	512
0	  129	  129	  349	PM7	4	51200	1024
0	  130	  130	  610	PM0	1	204800	2048
1	  133	  133	  198	PM5	4	2048	512
2	  133	  133	 3493	PM8	1	51200	1024
1	  139	  139	 1789	PM1	1	51200	2048
2	  145	  145	 2465	PM4	1	512000	1024
1	  145	  145	 1315	PM5	1	51200	512
1	  149	  149	 1649	PM0	2	51200	512
0	  149	  149	  284	PM0	1	51200	512
2	  152	  152	 4592	PM1	4	1024000	1024
2	  156	  156	 1736	PM6	1	512000	2048
1	  158	  158	 1053	PM7	1	204800	2048
1	  158	  158	 1108	PM8	1	51200	1024
2	  164	  164	 2784	PM9	2	51200	1024
1	  167	  167	 1917	PM0	1	204800	1024
0	  171	  171	  276	PM0	1	51200	1024
1	  175	  175	  715	PM1	1	204800	512
0	  175	  175	  285	PM4	1	204800	1024
2	  178	  178	 4498	PM1	1	204800	512
0	  179	  179	  519	PM4	1	51200	512
1	  181	  181	 1086	PM5	1	51200	512
0	  184	  184	  634	PM2	1	51200	2048
2	  187	  187	 1772	PM3	1	1024000	2048
2	  189	  189	 1784	PM6	1	204800	512
0	  189	  189	  469	PM7	1	2048	2048
0	  191	  191	  801	PM8	2	51200	512
2	  195	  195	 2670	PM9	1	512000	1024
2	  197	  197	 2167	PM0	1	512000	512
0	  197	  197	  332	PM1	1	51200	512
0	  203	  203	  363	PM5	1	204800	512
1	  203	  203	 1453	PM4	1	51200	1024
0	  203	  203	  238	PM5	2	51200	2048
1	  207	  207	 1662	PM0	1	204800	512
2	  209	  209	 4259	PM1	1	204800	2048
2	  209	  209	 2449	PM4	2	512000	512
1	  209	  209	 1314	PM5	4	51200	1024
1	  209	  209	 1274	PM6	1	51200	512
1	  209	  209	  749	PM7	1	51200	512
2	  209	  209	 3364	PM8	1	512000	1024
2	  209	  209	 2404	PM9	1	512000	1024
1	  209	  209	 1224	PM2	1	51200	512
2	  210	  210	 1375	PM3	1	204800	512
1	  214	  214	 2244	PM0	1	2048	2048
2	  214	  214	 4819	PM1	1	512000	2048
1	  216	  216	 1416	PM6	1	51200	512
1	  216	  216	  871	PM1	1	51200	512
1	  216	  216	 2116	PM4	1	51200	512
0	  216	  216	  541	PM5	1	51200	2048
1	  220	  220	 1695	PM0	1	51200	1024
1	  220	  220	 1420	PM6	1	51200	512
1	  220	  220	 1260	PM7	1	2048	512
2	  226	  226	 2456	PM0	2	512000	512
1	  227	  227	 2012	PM8	1	204800	512
1	  233	  233	  863	PM9	1	51200	1024
0	  239	  239	  574	PM5	1	51200	512
2	  239	  239	 2194	PM0	1	204800	1024
2	  239	  239	 4719	PM1	1	51200	2048
2	  242	  242	 2392	PM4	1	512000	1024
0	  242	  242	  577	PM5	1	2048	2048
0	  246	  246	  446	PM7	1	204800	1024
0	  246	  246	  561	PM8	2	51200	1024
1	  246	  246	 1251	PM2	1	2048	2048
0	  250	  250	  380	PM3	1	204800	1024
2	  250	  250	 1585	PM6	1	512000	2048
0	  250	  250	  455	PM7	1	204800	2048
1	  256	  256	  556	PM8	1	2048	1024
2	  258	  258	 2938	PM9	2	512000	1024
1	  260	  260	 2220	PM0	1	204800	512
2	  262	  262	 3567	PM8	1	51200	2048
2	  262	  262	 4722	PM1	2	512000	1024
1	  265	  265	 1850	PM4	1	204800	512
1	  265	  265	 1480	PM5	1	51200	512
2	  267	  267	 1792	PM6	1	512000	1024
1	  268	  268	 1133	PM7	1	51200	2048
1	  270	  270	 2080	PM8	1	51200	1024
2	  270	  270	 2765	PM9	1	51200	2048
2	  274	  274	 1924	PM0	1	512000	1024
2	  275	  275	 4765	PM1	1	51200	2048
1	  275	  275	 2070	PM4	2	204800	512
1	  277	  277	 2062	PM9	1	51200	2048
2	  277	  277	 2432	PM0	1	51200	1024
0	  277	  277	  477	PM5	1	204800	512
1	  281	  281	 1206	PM2	2	204800	512
2	  283	  283	 1623	PM3	1	1024000	512
1	  285	  285	 2175	PM0	1	204800	2048
0	  289	  289	  519	PM4	1	51200	512
2	  289	  289	 2269	PM0	1	512000	1024
2	  289	  289	 4339	PM1	1	512000	512
0	  289	  289	  399	PM4	1	2048	1024
0	  289	  289	  639	PM5	2	2048	2048
1	  291	  291	 1046	PM7	1	51200	2048
1	  291	  291	 1376	PM6	1	2048	1024
2	  297	  297	 1422	PM7	1	512000	512
2	  301	  301	 1696	PM7	1	512000	1024
2	  301	  301	 3576	PM8	2	512000	1024
2	  301	  301	 2906	PM9	1	1024000	512
1	  301	  301	 2081	PM0	4	204800	512
2	  302	  302	 4822	PM1	1	51200	1024
1	  304	  304	 1874	PM4	2	51200	512
2	  305	  305	 1450	PM5	1	512000	1024
1	  307	  307	 1017	PM2	1	2048	512
0	  307	  307	  457	PM3	1	51200	2048
0	  307	  307	  882	PM6	1	51200	512
0	  311	  311	  711	PM7	1	2048	512
2	  317	  317	 1977	PM3	1	512000	512
1	  317	  317	 1777	PM8	2	204800	512
2	  317	  317	 2942	PM9	2	512000	1024
0	  317	  317	  692	PM0	1	51200	512
0	  320	  320	  870	PM1	2	2048	512
2	  323	  323	 2513	PM4	1	512000	2048
2	  327	  327	 2782	PM9	4	1024000	512
0	  330	  330	  680	PM5	1	51200	512
0	  330	  330	  845	PM6	1	51200	512
2	  330	  330	 1700	PM7	1	204800	512
2	  332	  332	 4347	PM1	2	204800	512
1	  332	  332	 1577	PM8	1	51200	512
0	  335	  335	  625	PM9	1	51200	512
1	  338	  338	 1823	PM0	1	51200	512
0	  338	  338	  598	PM1	1	204800	512
1	  338	  338	 1133	PM4	1	51200	1024
2	  338	  338	 1533	PM5	1	51200	1024
2	  341	  341	 1286	PM2	2	1024000	2048
2	  341	  341	 1941	PM3	1	51200	512
1	  341	  341	 1401	PM6	1	51200	2048
2	  341	  341	 1291	PM7	1	512000	1024
2	  341	  341	 3611	PM8	1	512000	512
1	  344	  344	 1304	PM9	2	204800	1024
2	  344	  344	 2499	PM0	1	512000	1024
0	  344	  344	  779	PM1	1	204800	2048
2	  344	  344	 2409	PM4	1	204800	512
1	  345	  345	 1310	PM5	2	51200	1024
2	  345	  345	 2355	PM0	2	512000	512
0	  346	  346	  606	PM1	1	204800	1024
0	  346	  346	  936	PM4	1	51200	512
0	  346	  346	  696	PM5	1	204800	1024
0	  350	  350	  480	PM7	1	204800	512
1	  350	  350	 1260	PM6	1	2048	512
2	  356	  356	 1511	PM7	1	512000	512
1	  358	  358	 2278	PM8	1	51200	1024
1	  358	  358	 1503	PM9	1	51200	512
0	  358	  358	  428	PM2	2	2048	512
1	  359	  359	 1359	PM3	1	51200	512
1	  359	  359	 2094	PM0	1	2048	512
0	  359	  359	  554	PM1	1	2048	1024
2	  359	  359	 2489	PM4	1	512000	512
1	  363	  363	 1463	PM5	1	51200	512
0	  365	  365	  915	PM2	1	51200	512
1	  367	  367	 1007	PM5	1	51200	1024
1	  368	  368	 1538	PM6	1	51200	1024
0	  370	  370	  615	PM7	1	204800	1024
2	  372	  372	 2802	PM8	1	512000	1024
1	  378	  378	  853	PM5	1	51200	512
0	  378	  378	  603	PM9	1	2048	512
1	  378	  378	 1983	PM0	1	2048	512
0	  384	  384	  544	PM3	2	2048	1024
2	  384	  384	 4724	PM1	1	512000	512
1	  384	  384	 2104	PM4	1	51200	512
2	  386	  386	 1501	PM5	1	512000	512
1	  386	  386	  956	PM2	2	51200	1024
1	  390	  390	 1455	PM4	1	204800	1024
2	  390	  390	 1775	PM3	1	512000	512
2	  390	  390	 1325	PM6	1	512000	512
2	  391	  391	 1666	PM7	1	512000	1024
2	  391	  391	 3611	PM8	1	512000	2048
2	  391	  391	 2861	PM9	2	512000	1024
2	  394	  394	 2314	PM0	1	51200	1024
0	  394	  394	  824	PM1	4	204800	512
0	  396	  396	  696	PM4	1	51200	512
0	  398	  398	  743	PM5	1	2048	512
0	  398	  398	  603	PM6	4	204800	2048
2	  400	  400	 2490	PM4	1	512000	1024
2	  404	  404	 1444	PM7	2	1024000	512
0	  404	  404	  759	PM8	2	2048	2048
1	  406	  406	 1996	PM9	2	204800	512
2	  406	  406	 2316	PM0	4	512000	1024
1	  412	  412	  807	PM1	1	204800	2048
2	  412	  412	 2512	PM4	1	51200	1024
1	  412	  412	 1467	PM5	1	204800	512
1	  418	  418	 1308	PM2	1	2048	2048
0	  418	  418	  648	PM3	1	51200	512
1	  418	  418	 2108	PM0	1	51200	2048
2	  418	  418	 4723	PM1	4	512000	1024
2	  418	  418	 2268	PM4	1	51200	512
1	  421	  421	 1421	PM5	2	204800	2048
2	  425	  425	 1735	PM6	1	512000	1024
1	  426	  426	 1426	PM7	1	204800	512

