normal	multicore_plat2.xml	Generators/tasks2.csv


0	   12	   12	   97	PM0	1	2048	2048
1	   13	   13	   43	PM1	4	204800	1024
1	   25	   25	   60	PM4	1	204800	2048
0	   28	   28	   48	PM5	1	2048	512
0	   29	   29	   69	PM6	4	51200	2048
0	   32	   32	  137	PM7	1	204800	512
0	   32	   32	  127	PM8	2	204800	1024
1	   35	   35	   75	PM9	1	204800	2048
0	   35	   35	  225	PM2	1	204800	512
0	   39	   39	  204	PM3	2	2048	2048
2	   40	   40	   55	PM0	4	512000	1024
2	   49	   49	  149	PM1	1	512000	1024
2	   53	   53	  103	PM5	1	51200	512
1	   53	   53	  123	PM1	2	51200	2048
1	   53	   53	  158	PM4	2	51200	512
0	   56	   56	  101	PM0	1	51200	1024
0	   59	   59	  159	PM5	2	204800	512
0	   65	   65	  100	PM4	1	204800	512
1	   71	   71	  236	PM6	1	204800	1024
0	   72	   72	  172	PM6	1	204800	512
1	   72	   72	  117	PM7	1	2048	1024
1	   72	   72	  202	PM8	1	51200	1024
1	   78	   78	  158	PM9	1	2048	512
1	   78	   78	  188	PM9	1	51200	2048
2	   78	   78	  218	PM0	4	512000	1024
1	   83	   83	  228	PM1	1	51200	1024
1	   83	   83	  188	PM4	1	51200	512
1	   92	   92	  187	PM5	1	204800	512
2	   96	   96	  266	PM2	1	204800	1024
2	  101	  101	  211	PM0	2	512000	1024
0	  102	  102	  117	PM0	1	51200	1024
2	  102	  102	  202	PM4	1	204800	1024
2	  102	  102	  127	PM3	1	204800	2048
0	  104	  104	  209	PM5	1	51200	512
1	  116	  116	  211	PM6	1	204800	512
0	  117	  117	  227	PM7	2	51200	512
1	  117	  117	  132	PM0	1	204800	512
1	  117	  117	  202	PM7	1	204800	512
1	  121	  121	  271	PM8	1	51200	1024
2	  136	  136	  266	PM0	4	51200	2048
2	  138	  138	  248	PM1	1	512000	2048
0	  138	  138	  323	PM3	1	51200	512
1	  138	  138	  208	PM7	1	204800	2048
0	  138	  138	  253	PM8	1	2048	512
2	  144	  144	  234	PM9	1	51200	2048
1	  144	  144	  199	PM0	1	204800	512
1	  148	  148	  223	PM1	1	51200	512
0	  148	  148	  243	PM4	1	51200	1024
1	  148	  148	  273	PM5	1	204800	2048
1	  148	  148	  238	PM6	1	2048	512
2	  154	  154	  279	PM1	1	51200	512
0	  160	  160	  270	PM9	2	51200	1024
0	  160	  160	  210	PM4	2	2048	512
2	  162	  162	  282	PM5	2	51200	512
0	  162	  162	  232	PM7	1	51200	512
1	  170	  170	  240	PM8	1	204800	1024
0	  176	  176	  221	PM6	1	2048	512
1	  186	  186	  251	PM9	1	204800	512
0	  186	  186	  271	PM0	2	204800	512
1	  186	  186	  296	PM1	1	51200	2048
0	  191	  191	  251	PM4	1	204800	512
2	  203	  203	  258	PM4	1	204800	2048
2	  218	  218	  308	PM0	1	512000	2048
2	  221	  221	  241	PM5	1	204800	512
2	  229	  229	  319	PM7	1	204800	2048
1	  229	  229	  444	PM2	1	204800	512
1	  238	  238	  283	PM6	2	204800	512
0	  238	  238	  268	PM6	1	204800	2048
1	  247	  247	  312	PM7	2	204800	1024
0	  247	  247	  362	PM4	2	51200	512
0	  247	  247	  302	PM5	4	51200	1024
2	  249	  249	  309	PM1	4	1024000	512
0	  249	  249	  354	PM3	1	51200	512
1	  258	  258	  343	PM4	2	204800	1024
0	  259	  259	  274	PM8	4	204800	2048
0	  259	  259	  354	PM9	1	51200	512
2	  259	  259	  359	PM4	1	1024000	1024
2	  263	  263	  353	PM6	1	204800	512
1	  269	  269	  354	PM0	2	51200	2048
2	  281	  281	  391	PM8	4	512000	2048
0	  293	  293	  338	PM5	1	2048	512
2	  293	  293	  353	PM6	1	512000	512
1	  293	  293	  413	PM8	1	204800	1024
1	  297	  297	  392	PM1	1	51200	512
2	  297	  297	  402	PM9	1	204800	512
2	  297	  297	  417	PM0	2	1024000	2048
0	  300	  300	  355	PM1	2	204800	1024
0	  304	  304	  349	PM5	4	51200	512
0	  304	  304	  339	PM5	1	51200	1024
0	  316	  316	  381	PM7	2	51200	512
0	  320	  320	  365	PM7	4	51200	1024
2	  320	  320	  460	PM0	1	1024000	1024
0	  324	  324	  389	PM1	2	51200	512
1	  324	  324	  374	PM2	1	204800	1024
1	  326	  326	  351	PM3	1	204800	512
1	  326	  326	  376	PM6	1	204800	512
2	  326	  326	  346	PM7	1	512000	512
2	  327	  327	  472	PM8	1	1024000	1024
2	  335	  335	  485	PM9	1	204800	2048
2	  335	  335	  420	PM0	1	51200	1024

